Afghanistan;0;150;31.55;55.94;34.53;69.17;
Albania;151;208;41.33;5.82;42.07;19.51;
Algeria;209;1353;22.63;-8.15;36.88;64.37;
American Samoa;1354;1423;-14.33;-91.82;0;-15.94;
Andorra;1424;1453;42.50;44.52;42.50;44.52;
Angola;1454;1570;-8.82;1.52;0;13.66;
Anguilla;1571;1604;18.25;13.93;18.25;13.93;
Antarctica;1605;1986;-64.23;-63.08;0;-44.72;
Antigua and Barbuda;1987;2056;17.11;-70.03;17.64;-61.82;
Argentina;2057;7582;-54.79;-72.25;0;13.24;
Armenia;7583;7671;40.17;19.83;40.78;44.62;
Aruba;7672;7750;12.51;-70.03;12.51;-70.03;
Australia;7751;21224;-54.48;-65.68;0;167.93;
Austria;21225;24999;46.62;9.59;48.82;145.71;
Bahrain;25000;25066;26.21;-56.68;26.26;50.59;
Bangladesh;25067;25434;22.43;-75.78;25.74;91.88;
Barbados;25435;25467;13.11;50.62;13.11;50.62;
Belarus;25468;26211;52.05;2.49;55.82;32.07;
Belgium;26212;27152;50.03;-64.67;51.26;6.22;
Belize;27153;27320;16.97;-88.79;18.40;90.22;
Benin;27321;27406;6.36;-65.56;8.03;2.63;
Bermuda;27407;27441;32.37;25.98;32.37;25.98;
Bhutan;27442;27499;27.48;-44.45;27.51;89.36;
Bolivia;27500;28869;-22.73;-69.44;0;18.38;
Bosnia and Herzegovina;28870;29002;43.85;-87.57;44.78;17.37;
Botswana;29003;29489;-26.01;-59.61;0;27.83;
Brazil;29490;55504;-33.52;-73.05;3.90;160.70;
Brunei;55505;55575;4.59;25.37;4.93;114.93;
Bulgaria;55576;56076;41.56;22.87;44.01;89.70;
Burkina Faso;56077;56112;12.37;-110.98;12.37;-110.98;
Burundi;56113;56145;-3.37;114.18;0;114.18;
Cambodia;56146;56180;11.56;-133.73;11.56;-133.73;
Cameroon;56181;56376;3.52;-81.39;5.77;11.52;
Canada;56377;77279;42.10;-139.13;68.36;29.35;
Cape Verde;77280;77335;14.93;-74.50;16.72;-22.93;
Cayman Islands;77336;77370;19.28;-71.12;19.28;-71.12;
Central African Republic;77371;77488;4.30;-83.40;6.50;22.82;
Chad;77489;77547;12.11;19.12;17.94;104.92;
Chile;77548;79253;-56.60;-75.10;0;113.54;
China;79254;94481;9.53;22.40;53.13;132.97;
Christmas Island;94482;94481;90;180;0;-180;
Cocos Islands;94482;94526;-12.18;128.62;0;128.62;
Colombia;94527;96036;-4.22;-81.69;12.58;43.27;
Comoros;96037;96104;-12.80;9.29;0;45.28;
Cook Islands;96105;96138;-21.23;-23.54;0;-23.54;
Costa Rica;96139;96562;9.38;-85.46;10.64;-74.51;
Croatia;96563;96741;42.66;-87.49;45.80;18.68;
Cuba;96742;97346;19.91;-83.70;23.12;17.46;
Cyprus;97347;97687;34.60;-159.77;35.58;34.40;
Czech Republic;97688;98615;48.99;12.35;50.78;39.70;
Democratic Republic of The Congo;98616;98999;-11.87;13.05;4.35;29.14;
Denmark;99000;100411;54.93;-6.77;62.02;32.87;
Djibouti;100412;100442;11.59;11.57;11.59;11.57;
Dominica;100443;100502;15.30;-61.29;15.53;43.15;
Dominican Republic;100503;101431;18.09;-71.65;19.89;-61.39;
Ecuador;101432;102010;-3.99;-89.51;.95;-71.08;
Egypt;102011;103113;24.08;-78.16;31.57;34.42;
El Salvador;103114;103347;13.34;-89.83;14.00;38.45;
Equatorial Guinea;103348;103425;1.87;-7.16;3.74;9.76;
Eritrea;103426;103482;15.33;26.05;15.68;38.94;
Estonia;103483;103835;57.78;8.79;59.50;28.19;
Ethiopia;103836;104036;5.28;-88.27;12.61;43.57;
Falkland Islands;104037;104084;-51.82;-178.92;0;-178.92;
Federated States Of Micronesia;104085;104227;5.33;-81.71;9.48;158.22;
Fiji;104228;104565;-20.67;23.67;0;179.76;
Finland;104566;105580;59.77;-52.95;69.75;30.93;
France;105581;114213;41.59;-144.33;51.03;9.45;
French Guiana;114214;114274;4.92;-52.34;5.02;14.56;
French Polynesia;114275;114440;-27.60;-149.38;0;-58.45;
Gabon;114441;114693;-1.63;-16.60;2.08;13.60;
Georgia;114694;114810;41.54;10.21;42.27;45.03;
Germany;114811;123549;47.41;-49.66;55.02;14.98;
Ghana;123550;123627;5.56;-.20;6.69;44.96;
Gibraltar;123628;123659;36.14;-1.63;36.14;-1.63;
Greece;123660;125700;34.84;-61.72;41.09;28.22;
Greenland;125701;125916;60.05;-61.78;65.61;-37.68;
Grenada;125917;125998;12.00;-61.74;12.07;-5.35;
Guadeloupe;125999;126181;16.00;-63.05;18.09;8.50;
Guam;126182;126707;13.26;-84.55;13.58;144.92;
Guatemala;126708;127243;13.92;-91.72;16.93;19.92;
Guinea;127244;127302;9.55;-89.59;10.18;-14.05;
Guinea-Bissau;127303;127332;11.87;150.67;11.87;150.67;
Guyana;127333;127437;6.25;-58.25;6.98;-13.67;
Haiti;127438;127609;18.20;-73.75;19.45;-58.52;
Holy See (Vatican City State);127610;127643;41.90;8.83;41.90;8.83;
Honduras;127644;128236;13.27;-88.27;16.43;-72.70;
Hungary;128237;128844;46.10;14.44;48.10;21.72;
Iceland;128845;129055;63.44;-22.60;65.69;20.16;
India;129056;135134;8.12;-4.37;34.08;95.02;
Indonesia;135135;138096;-10.69;-15.22;4.47;140.48;
Iran;138097;139117;27.22;44.97;38.53;76.30;
Iraq;139118;139522;30.50;9.52;36.48;47.83;
Ireland;139523;142420;51.47;-10.25;55.50;34.58;
Isle of Man;142421;142540;54.08;-4.63;54.42;137.45;
Israel;142541;143482;29.56;34.75;33.18;57.08;
Italy;143483;148956;37.07;6.83;46.80;35.48;
Jamaica;148957;149223;17.87;-77.95;18.49;140.19;
Japan;149224;152567;24.30;44.32;43.77;153.97;
Jordan;152568;152788;29.53;-76.95;32.07;36.10;
Kazakhstan;152789;154476;41.37;47.98;54.87;83.55;
Kenya;154477;155019;-4.04;34.73;3.13;40.10;
Kiribati;155020;155081;1.33;125.76;3.08;172.79;
Kuwait;155082;155183;29.22;47.67;29.33;96.82;
Kyrgyzstan;155184;155392;40.93;40.05;42.89;78.23;
Latvia;155393;155537;56.51;23.71;57.55;35.84;
Lebanon;155538;155768;33.81;35.51;34.45;63.00;
Lesotho;155769;155863;-29.63;9.93;0;27.52;
Liberia;155864;155893;6.25;25.27;6.25;25.27;
Liechtenstein;155894;155978;47.08;9.51;47.17;19.14;
Lithuania;155979;156130;54.39;23.91;54.90;25.48;
Luxembourg;156131;156260;49.48;5.98;49.75;27.74;
Madagascar;156261;156397;-18.95;6.11;0;49.52;
Malawi;156398;156458;-13.97;33.93;0;104.43;
Malaysia;156459;157455;1.17;-102.58;6.37;118.11;
Maldives;157456;157481;4.17;57.63;4.17;57.63;
Mali;157482;157682;12.65;-11.44;20.28;20.92;
Malta;157683;157810;35.91;-13.05;36.05;14.52;
Marshall Islands;157811;157907;7.08;-69.70;8.89;171.38;
Martinique;157908;158048;14.47;-61.08;14.74;49.40;
Mauritania;158049;158203;18.09;-17.04;20.96;57.50;
Mauritius;158204;158402;-20.43;-11.67;0;63.36;
Mayotte;158403;158442;-12.81;29.63;0;29.63;
Mexico;158443;164675;14.91;-117.02;32.65;73.50;
Moldova;164676;164831;46.83;-61.18;47.15;28.87;
Monaco;164832;164863;43.75;.98;43.75;.98;
Mongolia;164864;166184;43.58;45.28;51.11;118.62;
Morocco;166185;166964;26.68;-11.10;35.79;7.42;
Mozambique;166965;167183;-25.95;32.57;0;99.78;
Namibia;167184;167398;-26.63;14.28;0;111.92;
Nauru;167399;167425;-.55;85.37;0;85.37;
Nepal;167426;167528;27.67;4.88;27.71;85.43;
Netherlands;167529;168752;50.86;3.52;53.25;7.17;
Netherlands Antilles;168753;168863;12.10;-68.93;17.50;-55.10;
New Caledonia;168864;169129;-22.27;36.89;0;166.58;
New Zealand;169130;171913;-52.54;-177.92;0;178.29;
Nicaragua;171914;172174;11.44;-87.13;14.03;-62.97;
Niger;172175;172495;12.99;1.45;18.69;166.45;
Nigeria;172496;173049;4.78;3.35;13.21;169.77;
North Korea;173050;173663;37.97;72.99;42.32;130.40;
Northern Mariana Islands;173664;173721;14.14;-94.58;15.13;145.70;
Norway;173722;175116;58.02;4.98;69.68;25.51;
Oman;175117;175706;17.02;14.27;26.22;59.55;
Pakistan;175707;176376;24.75;-71.34;34.20;74.55;
Republic of Palau;176377;176404;7.33;-67.25;7.33;-67.25;
Panama;176405;176755;7.97;-82.43;9.36;21.37;
Papua New Guinea;176756;176912;-10.61;-9.41;0;147.62;
Paraguay;176913;177393;-27.17;-61.92;0;175.46;
Peru;177394;178893;-18.02;-81.28;0;-59.67;
Philippines;178894;181028;6.05;22.95;20.79;126.20;
Poland;181029;182660;50.00;14.25;55.25;71.45;
Portugal;182661;185354;32.65;-80.42;41.87;-6.58;
Qatar;185355;185446;25.18;-15.60;25.32;51.61;
Republic of Macedonia;185447;185810;41.04;20.70;42.22;33.80;
Republic of The Congo;185811;185945;-4.78;11.70;1.62;79.88;
Reunion;185946;186036;-20.89;51.51;0;54.52;
Romania;186037;187229;43.90;21.23;47.93;55.51;
Russia;187230;201375;42.65;20.50;71.97;179.32;
Rwanda;201376;201404;-1.94;28.22;0;28.22;
Saint Kitts And Nevis;201405;201448;17.31;42.55;17.31;42.55;
Saint Lucia;201449;201575;13.73;-60.98;14.03;-13.60;
Saint Vincent And The Grenadines;201576;201630;13.16;67.27;13.16;67.27;
San Marino;201631;201664;43.94;-13.24;43.94;-13.24;
Sao Tome and Principe;201665;201692;.37;1.35;.37;1.35;
Saudi Arabia;201693;202887;16.89;30.06;31.69;50.21;
Senegal;202888;203073;12.59;-17.48;16.03;30.39;
Seychelles;203074;203129;-4.67;-62.73;0;-62.73;
Sierra Leone;203130;203159;8.49;16.14;8.49;16.14;
Singapore;203160;203354;1.30;12.43;1.39;103.98;
Slovakia;203355;203635;47.98;-10.35;49.06;21.26;
Slovenia;203636;203792;45.98;-16.29;46.66;15.27;
Solomon Islands;203793;203879;-9.43;29.26;0;159.91;
Somalia;203880;203971;-.37;42.53;9.51;103.85;
South Africa;203972;206298;-46.90;-9.88;0;55.52;
South Georgia And South Sandwich Islands;206299;206362;-54.27;17.06;0;17.06;
South Korea;206363;207908;33.25;126.17;38.24;172.98;
Spain;207909;214175;27.82;-17.88;43.57;44.08;
Sri Lanka;214176;214337;6.81;15.05;7.22;79.91;
Sudan;214338;214590;9.53;-60.95;21.79;37.22;
Suriname;214591;214688;5.45;-55.20;5.82;166.91;
Swaziland;214689;214721;-26.32;-172.63;0;-172.63;
Sweden;214722;216703;55.38;11.94;68.35;31.65;
Switzerland;216704;218408;46.01;-36.50;47.57;9.84;
Taiwan;218409;219314;21.97;120.20;25.17;179.19;
Tajikistan;219315;219378;38.57;69.02;40.29;100.62;
Thailand;219379;221087;6.43;-60.74;19.27;104.83;
The Bahamas;221088;221295;20.96;-78.64;26.54;5.52;
The Gambia;221296;221322;13.46;.64;13.46;.64;
Togo;221323;221350;6.17;-175.22;6.17;-175.22;
Tonga;221351;221385;-21.14;-71.14;0;-71.14;
Trinidad and Tobago;221386;221582;10.25;-61.51;11.22;9.18;
Tunisia;221583;222161;32.32;6.73;37.28;11.12;
Turkey;222162;224155;36.08;10.40;41.69;43.40;
Turkmenistan;224156;224905;35.28;52.78;41.75;121.15;
Turks and Caicos Islands;224906;224938;21.46;69.63;21.46;69.63;
Tuvalu;224939;224969;-8.52;32.84;0;32.84;
Uganda;224970;225025;.06;32.46;.32;32.89;
Ukraine;225026;226849;44.60;-.43;52.04;39.32;
United Arab Emirates;226850;227077;24.48;-61.85;25.78;55.56;
United Kingdom;227078;247734;-15.93;-7.31;60.15;32.58;
United Republic of Tanzania;247735;247946;-10.27;30.08;0;62.35;
Alabama;247947;267009;30.26;-139.73;34.99;-85.00;
Alaska;267010;276009;51.88;-176.65;71.29;37.55;
Arizona;276010;285246;31.34;-170.72;36.99;-109.06;
Arkansas;285247;304797;33.02;-94.60;36.50;-88.08;
California;304798;348809;32.55;-124.29;41.97;-114.14;
Colorado;348810;362894;37.00;-118.18;41.00;-102.12;
Connecticut;362895;372004;41.02;-104.69;42.04;-71.81;
Delaware;372005;373824;38.46;-77.03;39.81;-75.05;
District Of Columbia;373825;373858;38.89;-71.96;38.89;-71.96;
Florida;373859;393303;24.55;-87.34;30.98;-75.67;
Georgia;393304;413967;30.52;-85.53;34.99;163.03;
Hawaii;413968;417151;19.00;-159.69;22.22;144.77;
Idaho;417152;426175;42.01;-117.04;49.00;-90.69;
Illinois;426176;468209;37.01;-115.44;42.51;-87.53;
Indiana;468210;492289;37.88;-90.19;41.75;-84.81;
Iowa;492290;522487;40.40;-156.13;43.50;-90.17;
Kansas;522488;542673;37.00;-102.04;40.00;-86.02;
Kentucky;542674;569898;36.50;-99.94;39.11;-82.08;
Louisiana;569899;585937;28.15;-94.04;33.01;-83.72;
Maine;585938;602004;43.08;-76.76;47.44;-66.99;
Maryland;602005;616774;37.97;-79.41;39.72;-71.18;
Massachusetts;616775;633359;41.26;-90.17;42.86;-69.95;
Michigan;633360;662717;41.72;-90.16;48.00;167.63;
Minnesota;662718;689701;43.50;-97.23;49.35;-83.18;
Mississippi;689702;703820;30.25;-91.40;34.99;145.14;
Missouri;703821;735186;36.04;-95.62;40.59;-89.21;
Montana;735187;747444;44.64;-115.99;48.99;-89.39;
Nebraska;747445;764345;40.00;-104.05;43.00;-95.43;
Nevada;764346;767889;35.15;-120.00;42.00;-106.40;
New Hampshire;767890;776425;7.08;-95.87;45.05;171.38;
New Jersey;776426;795647;38.94;-75.52;41.30;-71.40;
New Mexico;795648;807487;31.80;-109.03;36.99;-75.18;
New York;807488;862663;40.56;-115.24;44.99;-71.95;
North Carolina;862664;887994;33.87;-109.03;36.56;-75.47;
North Dakota;887995;900164;45.94;-104.00;49.00;-80.66;
Ohio;900165;936411;38.42;-84.82;41.94;-75.80;
Oklahoma;936412;954924;33.77;-102.96;36.99;-84.06;
Oregon;954925;968084;42.00;-124.50;46.20;-97.48;
Pennsylvania;968085;1029423;39.72;-123.12;42.22;-74.70;
Puerto Rico;1029424;1032666;17.97;-79.60;18.50;-65.31;
Rhode Island;1032667;1035028;41.17;-71.83;42.00;134.48;
South Carolina;1035029;1047507;32.10;-83.17;35.18;-71.39;
South Dakota;1047508;1059922;42.53;-103.97;45.94;-80.62;
Tennessee;1059923;1078089;34.99;-97.40;36.63;-81.75;
Texas;1078090;1126433;25.90;-106.61;36.50;-89.85;
Utah;1126434;1135779;37.00;-114.04;41.98;-97.38;
Vermont;1135780;1145915;17.70;-79.26;45.01;-64.70;
Virginia;1145916;1174230;36.55;-111.88;39.35;-75.38;
Wake Island;1174231;1174265;19.28;-88.01;19.28;-88.01;
Washington;1174266;1191204;45.58;-124.64;49.00;-73.04;
West Virginia;1191205;1217829;37.24;-82.60;40.62;166.65;
Wisconsin;1217830;1243014;42.50;-122.43;46.85;-86.93;
Wyoming;1243015;1249146;41.02;-111.04;44.97;-81.79;
Uruguay;1249147;1249690;-34.98;-58.08;0;-1.53;
Uzbekistan;1249691;1250294;37.22;-58.03;43.15;71.75;
Vanuatu;1250295;1250460;-20.23;12.62;0;169.25;
Venezuela;1250461;1252081;4.68;-72.45;11.78;-61.18;
Vietnam;1252082;1253151;8.65;-64.63;22.68;114.33;
Virgin Islands, British;1253152;1253184;18.43;-69.14;18.43;-69.14;
Virgin Islands, US;1253185;1253395;17.70;-79.26;18.34;-64.70;
Western Sahara;1253396;1253557;20.83;-17.10;27.15;18.13;
Western Samoa;1253558;1253593;-13.80;-15.94;0;-15.94;
Yemen;1253594;1253841;-12.80;31.14;15.35;45.23;
Zambia;1253842;1253996;-17.86;25.86;0;45.69;
