Afghanistan;0;965;;;34.53;69.17;
Albania;966;1182;;;42.07;19.83;
Algeria;1183;2364;22.63;-8.15;36.88;9.56;
Alzhir;2365;4000;;;0;;
American Samoa;4001;4074;-14.33;-172.63;0;-170.72;
Andorra;4075;4104;42.50;1.52;42.50;1.52;
Angola;4105;4889;-8.82;;0;13.66;
Anguilla;4890;4925;18.25;-63.08;18.25;-63.08;
Antarctica;4926;5316;-64.23;-59.68;0;-44.72;
Antigua and Barbuda;5317;5388;17.11;-61.85;17.64;-61.82;
Argentina;5389;11169;-54.79;-72.25;0;-54.47;
Armenia;11170;11629;;;40.78;44.62;
Aruba;11630;11710;12.51;-70.03;12.51;-70.03;
Australia;11711;25733;-54.48;-24.15;1770;167.93;
Austria;25734;32812;;;48.82;16.84;
Azerbaidzhan;32813;34105;;;0;;
Bahrain;34106;34215;;;26.26;50.62;
Bangladesh;34216;35211;;;25.74;91.88;
Barbados;35212;35246;13.11;-59.61;13.11;-59.61;
Belarus;35247;86813;;;55.82;32.07;
Belgium;86814;88241;;;51.26;6.22;
Belize;88242;88415;16.97;-88.79;18.40;-87.57;
Benin;88416;88585;;;8.03;2.63;
Bermuda;88586;88622;32.37;-64.67;32.37;-64.67;
Bhutan;88623;88681;27.48;89.36;27.51;89.70;
Bolivia;88682;90092;-22.73;-69.44;0;-57.85;
Bosnia and Herzegovina;90093;90419;;;44.78;18.38;
Botswana;90420;91091;-26.01;;0;27.83;
Bouvet Island;91092;91115;;;0;;
Brazil;91116;117809;-33.52;-73.05;3.90;-34.86;
British Indian Ocean Territory;117810;117832;;;0;;
Brunei;117833;117906;4.59;114.18;4.93;114.93;
Bulgaria;117907;119005;;;44.01;27.90;
Burkina Faso;119006;119233;;-1.53;12.37;;
Burundi;119234;119289;-3.37;;0;29.35;
Cambodia;119290;119564;;;11.56;104.92;
Cameroon;119565;120089;;;5.77;11.52;
Cape Verde;120090;120175;;-23.54;16.72;;
China;120176;142902;;;53.13;132.97;
Comoros;142903;143114;-12.80;;0;45.28;
Cuba;143115;143965;;-83.70;23.12;;
Cyprus;143966;144471;;;35.58;34.40;
Democratic Republic of The Congo;144472;145861;-11.87;;4.35;29.14;
Denmark;145862;148444;;-6.77;62.02;14.78;
Djibouti;148445;148498;;;11.59;43.15;
Dominica;148499;148561;15.30;-61.39;15.53;-61.29;
Dominican Republic;148562;149583;;-71.65;19.89;;
Egypt;149584;151659;;;31.57;34.58;
Gabon;151660;152077;-1.63;;2.08;13.60;
Gambia;152078;152267;;;0;;
Georgia;152268;153080;;;42.27;45.03;
Germany;153081;167955;;;55.02;14.98;
Ghana;167956;168363;;-1.63;6.69;.01;
Gibraltar;168364;168400;36.14;-5.35;36.14;-5.35;
Greece;168401;171998;;;41.09;28.22;
Greenland;171999;173092;;-51.72;65.61;;
Grenada;173093;173177;12.00;-61.78;12.07;-61.74;
Guadeloupe;173178;173402;16.00;-63.05;18.09;-61.49;
Guam;173403;174033;;;13.58;144.92;
Guatemala;174034;174586;13.92;-91.72;16.93;-88.60;
Guinea;174587;174866;;-14.05;10.18;;
Guinea-Bissau;174867;174974;;-15.60;11.87;;
Guyana;174975;175082;6.25;-58.52;6.98;-57.53;
Hong Kong;175083;175515;;;0;;
Hungary;175516;176802;;;48.10;21.72;
Iceland;176803;178345;;-22.60;65.69;;
India;178346;192232;;;34.08;95.02;
Iran;192233;194457;;;38.53;60.83;
Iraq;194458;195369;;;36.48;47.83;
Ireland;195370;198617;;-10.33;55.50;;
Israel;198618;199899;;;33.18;35.57;
Italy;199900;207982;;;46.80;18.35;
Jordan;207983;208373;;;32.07;36.10;
Kazakhstan;208374;308996;;;54.87;83.55;
Kenya;308997;309844;-4.04;;3.13;40.10;
Kuwait;309845;310275;;;29.33;47.98;
Kyrgyzstan;310276;310677;;;42.89;78.23;
Laos;310678;311122;;;0;;
Latvia;311123;311736;;;57.55;27.32;
Lebanon;311737;312100;;;34.45;35.85;
Lesotho;312101;312263;-29.63;;0;27.74;
Liberia;312264;312365;;-10.35;6.25;;
Libya;312366;312772;;;0;;
Liechtenstein;312773;312882;;;47.17;9.93;
Lithuania;312883;313587;;;54.90;25.48;
Luxembourg;313588;313818;;;49.75;6.12;
North Korea;313819;314736;;;42.32;130.40;
Qatar;314737;314908;;;25.32;51.61;
Republic of Côte;314909;315161;;;0;;
Republic of The Congo;315162;315575;-4.78;;1.62;18.07;
Republic of Zimbabwe;315576;316361;;;0;;
South Korea;316362;319040;;;38.24;130.90;
Spain;319041;328322;;-17.88;43.57;4.26;
Vietnam;328323;329793;;;22.68;114.33;
Western Sahara;329794;329987;;-17.10;27.15;;
Yemen;329988;330693;-12.80;;15.35;45.69;
Zambia;330694;331446;-17.86;;0;28.64;
