Afghanistan;0;150;31.55;61.47;34.53;69.17;
Albania;151;209;41.33;19.51;42.07;19.83;
Algeria;210;1353;22.63;-8.15;36.88;9.56;
American Samoa;1354;1425;-14.33;-172.63;0;-170.72;
Andorra;1426;1454;42.50;1.52;42.50;1.52;
Angola;1455;1572;-8.82;12.19;0;13.66;
Anguilla;1573;1607;18.25;-63.08;18.25;-63.08;
Antarctica;1608;1989;-64.23;-59.68;0;-44.72;
Antigua and Barbuda;1990;2059;17.11;-61.85;17.64;-61.82;
Argentina;2060;7685;-54.79;-72.25;0;-54.47;
Armenia;7686;7774;40.17;43.83;40.78;44.62;
Aruba;7775;7853;12.51;-70.03;12.51;-70.03;
Australia;7854;21487;-54.48;113.53;0;167.93;
Austria;21488;25428;46.62;9.59;48.82;16.84;
Bahrain;25429;25494;26.21;50.59;26.26;50.62;
Bangladesh;25495;25861;22.43;89.07;25.74;91.88;
Barbados;25862;25895;13.11;-59.61;13.11;-59.61;
Belarus;25896;26640;52.05;23.68;55.82;32.07;
Belgium;26641;27579;50.03;2.68;51.26;6.22;
Belize;27580;27748;16.97;-88.79;18.40;-87.57;
Benin;27749;27832;6.36;2.44;8.03;2.63;
Bermuda;27833;27868;32.37;-64.67;32.37;-64.67;
Bhutan;27869;27925;27.48;89.36;27.51;89.70;
Bolivia;27926;29296;-22.73;-69.44;0;-57.85;
Bosnia and Herzegovina;29297;29428;43.85;16.67;44.78;18.38;
Botswana;29429;29914;-26.01;21.64;0;27.83;
Brazil;29915;56140;-33.52;-73.05;3.90;-34.86;
Brunei;56141;56212;4.59;114.18;4.93;114.93;
Bulgaria;56213;56713;41.56;22.87;44.01;27.90;
Burkina Faso;56714;56747;12.37;-1.53;12.37;-1.53;
Burundi;56748;56779;-3.37;29.35;0;29.35;
Cambodia;56780;56813;11.56;104.92;11.56;104.92;
Cameroon;56814;57007;3.52;9.23;5.77;11.52;
Canada;57008;77912;42.10;-139.13;68.36;-52.70;
Cape Verde;77913;77968;14.93;-23.54;16.72;-22.93;
Cayman Islands;77969;78003;19.28;-81.39;19.28;-81.39;
Central African Republic;78004;78120;4.30;17.46;6.50;22.82;
Chad;78121;78178;12.11;15.05;17.94;19.12;
Chile;78179;79914;-56.60;-75.10;0;-68.43;
China;79915;95234;9.53;75.97;53.13;132.97;
Christmas Island;95235;95234;90;180;0;-180;
Cocos Islands;95235;95278;-12.18;96.82;0;96.82;
Colombia;95279;96789;-4.22;-81.69;12.58;-69.94;
Comoros;96790;96858;-12.80;43.27;0;45.28;
Cook Islands;96859;96893;-21.23;-159.77;0;-159.77;
Costa Rica;96894;97317;9.38;-85.46;10.64;-83.04;
Croatia;97318;97495;42.66;14.44;45.80;18.68;
Cuba;97496;98101;19.91;-83.70;23.12;-74.50;
Cyprus;98102;98440;34.60;32.40;35.58;34.40;
Czech Republic;98441;99368;48.99;12.35;50.78;18.62;
Democratic Republic of The Congo;99369;99752;-11.87;13.05;4.35;29.14;
Denmark;99753;101164;54.93;-6.77;62.02;14.78;
Djibouti;101165;101195;11.59;43.15;11.59;43.15;
Dominica;101196;101256;15.30;-61.39;15.53;-61.29;
Dominican Republic;101257;102185;18.09;-71.65;19.89;-67.89;
Ecuador;102186;102764;-3.99;-89.51;.95;-75.53;
Egypt;102765;103866;24.08;25.13;31.57;34.58;
El Salvador;103867;104101;13.34;-89.83;14.00;-88.27;
Equatorial Guinea;104102;104178;1.87;8.55;3.74;9.76;
Eritrea;104179;104235;15.33;38.45;15.68;38.94;
Estonia;104236;104589;57.78;22.10;59.50;28.19;
Ethiopia;104590;104789;5.28;35.54;12.61;43.57;
Falkland Islands;104790;104836;-51.82;-58.45;0;-58.45;
Federated States Of Micronesia;104837;104979;5.33;138.08;9.48;163.03;
Fiji;104980;105319;-20.67;-178.92;0;179.76;
Finland;105320;106333;59.77;19.95;69.75;30.93;
Former Yugoslav Rep. of Macedonia;106334;106697;41.04;20.70;42.22;22.86;
France;106698;115452;41.59;-5.10;51.03;9.45;
French Guiana;115453;115514;4.92;-52.95;5.02;-52.34;
French Polynesia;115515;115681;-27.60;-149.38;0;-139.02;
Gabon;115682;115933;-1.63;8.78;2.08;13.60;
Georgia;115934;116050;41.54;42.70;42.27;45.03;
Germany;116051;124833;47.41;6.08;55.02;14.98;
Ghana;124834;124911;5.56;-1.63;6.69;.01;
Gibraltar;124912;124943;36.14;-5.35;36.14;-5.35;
Greece;124944;127016;34.84;19.92;41.09;28.22;
Greenland;127017;127232;60.05;-51.72;65.61;-37.68;
Grenada;127233;127315;12.00;-61.78;12.07;-61.74;
Guadeloupe;127316;127534;16.00;-63.05;18.09;-61.49;
Guam;127535;128125;13.26;144.65;13.58;144.92;
Guatemala;128126;128662;13.92;-91.72;16.93;-88.60;
Guinea;128663;128721;9.55;-14.05;10.18;-13.67;
Guinea-Bissau;128722;128751;11.87;-15.60;11.87;-15.60;
Guyana;128752;128856;6.25;-58.52;6.98;-57.53;
Haiti;128857;129028;18.20;-73.75;19.45;-72.29;
Holy See (Vatican City State);129029;129063;41.90;12.46;41.90;12.46;
Honduras;129064;129656;13.27;-88.27;16.43;-85.88;
Hungary;129657;130264;46.10;16.99;48.10;21.72;
Iceland;130265;130476;63.44;-22.60;65.69;-15.22;
India;130477;136586;8.12;69.67;34.08;95.02;
Indonesia;136587;139548;-10.69;97.96;4.47;140.48;
Iran;139549;140569;27.22;44.97;38.53;60.83;
Iraq;140570;140975;30.50;43.13;36.48;47.83;
Ireland;140976;143906;51.47;-10.33;55.50;-5.33;
Isle of Man;143907;144025;54.08;-4.63;54.42;-4.37;
Israel;144026;145038;29.56;34.75;33.18;35.57;
Italy;145039;150540;37.07;6.83;46.80;18.35;
Jamaica;150541;150807;17.87;-77.95;18.49;-76.39;
Japan;150808;154152;24.30;127.68;43.77;153.97;
Jordan;154153;154372;29.53;35.00;32.07;36.10;
Kazakhstan;154373;156060;41.37;48.80;54.87;83.55;
Kenya;156061;156603;-4.04;34.73;3.13;40.10;
Kiribati;156604;156665;1.33;172.79;3.08;172.98;
Kuwait;156666;156767;29.22;47.67;29.33;47.98;
Kyrgyzstan;156768;157005;40.93;72.24;42.89;78.23;
Latvia;157006;157150;56.51;23.71;57.55;27.32;
Lebanon;157151;157381;33.81;35.51;34.45;35.85;
Lesotho;157382;157477;-29.63;27.49;0;27.74;
Liberia;157478;157508;6.25;-10.35;6.25;-10.35;
Liechtenstein;157509;157592;47.08;9.51;47.17;9.93;
Lithuania;157593;157744;54.39;23.91;54.90;25.48;
Luxembourg;157745;157873;49.48;5.98;49.75;6.12;
Madagascar;157874;158011;-18.95;47.51;0;49.52;
Malawi;158012;158071;-13.97;33.80;0;33.93;
Malaysia;158072;159066;1.17;99.78;6.37;118.11;
Maldives;159067;159092;4.17;73.50;4.17;73.50;
Mali;159093;159291;12.65;-11.44;20.28;.98;
Malta;159292;159418;35.91;14.27;36.05;14.52;
Marshall Islands;159419;159515;7.08;167.63;8.89;171.38;
Martinique;159516;159657;14.47;-61.18;14.74;-60.87;
Mauritania;159658;159813;18.09;-17.04;20.96;-13.05;
Mauritius;159814;160011;-20.43;56.75;0;63.36;
Mayotte;160012;160051;-12.81;45.28;0;45.28;
Mexico;160052;166358;14.91;-117.02;32.65;-86.72;
Moldova;166359;166513;46.83;28.59;47.15;29.63;
Monaco;166514;166546;43.75;7.42;43.75;7.42;
Mongolia;166547;167868;43.58;89.93;51.11;118.62;
Morocco;167869;168650;26.68;-11.67;35.79;-1.91;
Mozambique;168651;168869;-25.95;32.57;0;40.73;
Namibia;168870;169083;-26.63;14.28;0;18.13;
Nauru;169084;169111;-.55;166.91;0;166.91;
Nepal;169112;169215;27.67;85.31;27.71;85.43;
Netherlands;169216;170439;50.86;3.52;53.25;6.98;
Netherlands Antilles;170440;170550;12.10;-68.93;17.50;-62.97;
New Caledonia;170551;170817;-22.27;158.52;0;166.58;
New Zealand;170818;173601;-52.54;-177.92;0;178.29;
Nicaragua;173602;173862;11.44;-87.13;14.03;-83.39;
Niger;173863;174182;12.99;1.45;18.69;12.94;
Nigeria;174183;174734;4.78;3.35;13.21;13.16;
North Korea;174735;175349;37.97;124.41;42.32;130.40;
Northern Mariana Islands;175350;175407;14.14;145.14;15.13;145.70;
Norway;175408;176802;58.02;4.88;69.68;25.51;
Oman;176803;177421;17.02;54.02;26.22;59.55;
Pakistan;177422;178090;24.75;67.01;34.20;74.55;
Republic of Palau;178091;178118;7.33;134.48;7.33;134.48;
Panama;178119;178470;7.97;-82.43;9.36;-78.15;
Papua New Guinea;178471;178628;-10.61;144.22;0;150.67;
Paraguay;178629;179109;-27.17;-61.92;0;-54.63;
Peru;179110;180642;-18.02;-81.28;0;-69.20;
Philippines;180643;182778;6.05;118.74;20.79;126.20;
Poland;182779;184410;50.00;14.25;55.25;23.26;
Portugal;184411;187103;32.65;-31.13;41.87;-6.58;
Qatar;187104;187194;25.18;51.37;25.32;51.61;
Republic of Macedonia;187195;187558;41.04;20.70;42.22;33.80;
Republic of Serbia;187559;188472;42.39;19.22;45.84;22.78;
Republic of The Congo;188473;188607;-4.78;11.70;1.62;18.07;
Reunion;188608;188698;-20.89;54.52;0;55.51;
Romania;188699;189891;43.90;21.23;47.93;29.66;
Russia;189892;204132;42.65;20.50;71.97;179.32;
Rwanda;204133;204161;-1.94;30.06;0;30.06;
Saint Kitts And Nevis;204162;204206;17.31;-62.73;17.31;-62.73;
Saint Lucia;204207;204333;13.73;-60.98;14.03;-60.89;
Saint Vincent And The Grenadines;204334;204389;13.16;-61.24;13.16;-61.24;
San Marino;204390;204422;43.94;12.43;43.94;12.43;
Sao Tome and Principe;204423;204450;.37;6.73;.37;6.73;
Saudi Arabia;204451;205645;16.89;36.48;31.69;50.21;
Senegal;205646;205832;12.59;-17.48;16.03;-16.10;
Seychelles;205833;205887;-4.67;55.52;0;55.52;
Sierra Leone;205888;205918;8.49;-13.24;8.49;-13.24;
Singapore;205919;206114;1.30;103.72;1.39;103.98;
Slovakia;206115;206394;47.98;17.13;49.06;21.26;
Slovenia;206395;206550;45.98;14.36;46.66;16.14;
Solomon Islands;206551;206638;-9.43;157.26;0;160.70;
Somalia;206639;206729;-.37;42.53;9.51;45.33;
South Africa;206730;209056;-46.90;-9.88;0;37.75;
South Georgia And South Sandwich Islands;209057;209121;-54.27;-36.50;0;-36.50;
South Korea;209122;210667;33.25;126.17;38.24;130.90;
Spain;210668;216935;27.82;-17.88;43.57;4.26;
Sri Lanka;216936;217097;6.81;79.83;7.22;79.91;
Sudan;217098;217349;9.53;24.89;21.79;37.22;
Suriname;217350;217447;5.45;-55.20;5.82;-55.10;
Swaziland;217448;217478;-26.32;31.14;0;31.14;
Sweden;217479;219488;55.38;11.94;68.35;22.15;
Switzerland;219489;221191;46.01;6.11;47.57;9.84;
Taiwan;221192;222097;21.97;120.20;25.17;121.83;
Tajikistan;222098;222199;38.57;68.78;40.29;69.63;
Thailand;222200;223908;6.43;97.93;19.27;104.83;
The Bahamas;223909;224118;20.96;-78.64;26.54;-73.68;
The Gambia;224119;224148;13.46;-16.60;13.46;-16.60;
Togo;224149;224173;6.17;1.35;6.17;1.35;
Tonga;224174;224209;-21.14;-175.22;0;-175.22;
Trinidad and Tobago;224210;224408;10.25;-61.51;11.22;-60.67;
Tunisia;224409;224988;32.32;8.13;37.28;11.12;
Turkey;224989;226982;36.08;26.41;41.69;43.40;
Turkmenistan;226983;227731;35.28;52.78;41.75;66.02;
Turks and Caicos Islands;227732;227765;21.46;-71.14;21.46;-71.14;
Tuvalu;227766;227797;-8.52;179.19;0;179.19;
Uganda;227798;227853;.06;32.46;.32;32.58;
Ukraine;227854;229678;44.60;22.30;52.04;39.32;
United Arab Emirates;229679;229905;24.48;54.37;25.78;55.94;
United Kingdom;229906;250700;-15.93;-7.31;60.15;1.75;
United Republic of Tanzania;250701;250912;-10.27;30.08;0;40.19;
Alabama;250913;270230;30.26;-88.46;34.99;-85.00;
Alaska;270231;279342;51.88;-176.66;71.29;-130.04;
Arizona;279343;288706;31.34;-114.79;36.99;-109.06;
Arkansas;288707;308466;33.02;-94.60;36.50;-89.74;
California;308467;352791;32.55;-124.29;41.97;-114.14;
Colorado;352792;366998;37.00;-109.01;41.00;-102.12;
Connecticut;366999;376253;41.02;-73.63;42.04;-71.81;
Delaware;376254;378136;38.46;-75.76;39.81;-75.05;
District Of Columbia;378137;378170;38.89;-77.03;38.89;-77.03;
Florida;378171;397758;24.55;-87.34;30.98;-80.04;
Georgia;397759;418528;30.52;-85.53;34.99;-80.85;
Hawaii;418529;421747;19.00;-159.69;22.22;-154.94;
Idaho;421748;430880;42.01;-117.04;49.00;-111.07;
Illinois;430881;473175;37.01;-91.43;42.51;-87.53;
Indiana;473176;497550;37.88;-87.94;41.75;-84.81;
Iowa;497551;527811;40.40;-96.61;43.50;-90.17;
Kansas;527812;548190;37.00;-102.04;40.00;-94.62;
Kentucky;548191;575856;36.50;-89.19;39.11;-82.08;
Louisiana;575857;592056;28.15;-94.04;33.01;-89.26;
Maine;592057;608231;43.08;-70.98;47.44;-66.99;
Maryland;608232;623339;37.97;-79.41;39.72;-75.08;
Massachusetts;623340;640423;41.26;-73.44;42.86;-69.95;
Michigan;640424;670094;41.72;-90.16;48.00;-82.43;
Minnesota;670095;697249;43.50;-97.23;49.35;-89.68;
Mississippi;697250;711455;30.25;-91.40;34.99;-88.19;
Missouri;711456;743093;36.04;-95.62;40.59;-89.21;
Montana;743094;755539;44.64;-115.99;48.99;-104.04;
Nebraska;755540;772571;40.00;-104.05;43.00;-95.43;
Nevada;772572;776115;35.15;-120.00;42.00;-114.07;
New Hampshire;776116;784898;7.08;-72.52;45.05;171.38;
New Jersey;784899;804608;38.94;-75.52;41.30;-73.93;
New Mexico;804609;816631;31.80;-109.03;36.99;-103.05;
New York;816632;872429;40.56;-79.73;44.99;-71.95;
North Carolina;872430;898024;33.87;-84.17;36.56;-75.47;
North Dakota;898025;910230;45.94;-104.00;49.00;-96.60;
Ohio;910231;946760;38.42;-84.82;41.94;-80.52;
Oklahoma;946761;965420;33.77;-102.96;36.99;-94.43;
Oregon;965421;978717;42.00;-124.50;46.20;-116.83;
Pennsylvania;978718;1040881;39.72;-80.51;42.22;-74.70;
Puerto Rico;1040882;1044259;17.97;-67.25;18.50;-65.31;
Rhode Island;1044260;1046652;41.17;-71.83;42.00;-71.13;
South Carolina;1046653;1059225;32.10;-83.17;35.18;-78.61;
South Dakota;1059226;1071767;42.53;-103.97;45.94;-96.45;
Tennessee;1071768;1090255;34.99;-90.05;36.63;-81.75;
Texas;1090256;1138760;25.90;-106.61;36.50;-93.64;
Utah;1138761;1148245;37.00;-114.04;41.98;-109.18;
Vermont;1148246;1158719;17.70;-73.34;45.01;-64.70;
Virginia;1158720;1187261;36.55;-83.43;39.35;-75.38;
Wake Island;1187262;1187296;19.28;166.65;19.28;166.65;
Washington;1187297;1204306;45.58;-124.64;49.00;-117.04;
West Virginia;1204307;1231121;37.24;-82.60;40.62;-77.74;
Wisconsin;1231122;1256369;42.50;-92.80;46.85;-86.93;
Wyoming;1256370;1262502;41.02;-111.04;44.97;-104.07;
Uruguay;1262503;1263047;-34.98;-58.08;0;-54.18;
Uzbekistan;1263048;1263650;37.22;58.91;43.15;71.75;
Vanuatu;1263651;1263817;-20.23;167.22;0;169.77;
Venezuela;1263818;1265438;4.68;-72.45;11.78;-61.18;
Vietnam;1265439;1266508;8.65;103.96;22.68;114.33;
Virgin Islands, British;1266509;1266541;18.43;-64.63;18.43;-64.63;
Virgin Islands, US;1266542;1266752;17.70;-64.97;18.34;-64.70;
Western Sahara;1266753;1266915;20.83;-17.10;27.15;-13.20;
Western Samoa;1266916;1266952;-13.80;-172.63;0;-172.63;
Yemen;1266953;1267200;-12.80;42.95;15.35;45.69;
Yugoslavia;1267201;1267200;90;180;0;-180;
Zambia;1267201;1267355;-17.86;25.86;0;28.64;
